iZ,Z,Layer,θini
1.0,20.0,1.0,0.289
2.0,40.0,1.0,0.289
3.0,60.0,1.0,0.289
4.0,80.0,1.0,0.289
5.0,100.0,1.0,0.289
6.0,120.0,1.0,0.289
7.0,140.0,1.0,0.289
8.0,160.0,1.0,0.289
9.0,180.0,1.0,0.289
10.0,200.0,1.0,0.289
11.0,220.0,2.0,0.3029
12.0,240.0,2.0,0.3029
13.0,260.0,2.0,0.3029
14.0,280.0,2.0,0.3029
15.0,300.0,2.0,0.3029
16.0,320.0,2.0,0.3029
17.0,340.0,2.0,0.3029
18.0,360.0,2.0,0.3029
19.0,380.0,2.0,0.3029
20.0,425.0,3.0,0.317
21.0,470.0,3.0,0.317
22.0,515.0,3.0,0.317
23.0,560.0,3.0,0.317
24.0,605.0,3.0,0.317
25.0,650.0,3.0,0.317
26.0,695.0,3.0,0.317
27.0,740.0,3.0,0.317
28.0,787.5,4.0,0.333
29.0,835.0,4.0,0.333
30.0,882.5,4.0,0.333
31.0,930.0,4.0,0.333
32.0,975.0,5.0,0.357
33.0,1020.0,5.0,0.357
34.0,1065.0,5.0,0.357
35.0,1110.0,5.0,0.357
36.0,1155.0,5.0,0.357
37.0,1200.0,5.0,0.357
